R0=0.001;
L0=0.4*10^(-6);
L1=0.4*10^(-6);
C=0.04;
m=0.0012;
ro=1.7*10^(-8);
mu=4*pi*10^(-7);
h=0.015;
K=0.5*10^(-4);
Ud=100;
